# step=2.25 lat=76.0..-56.0 lon=-180..180 source=NaturalEarth ne_110m_land (public domain)
0000000000000000000000000000110110111001000000000000011111111111111111100000000000000000000000000000000000011100000000000111111111100000000001100000000000000000
0000000000000000000000000111000000010111000000000000000111111111111111100000000000000000000000000000000011000000000011111111111111000000000000000000000000000000
1000000000000000000000000101111110001110111111100000000111111111111111000000000000000000000000000000000110000011001111111111111111111111100011111110000000000000
0000000111111111110011111110111111101011001100111100000001111111111110000000000000000000111111100000000000011011011111111111111111111111111111111111111111101111
1110000111111111111111111111111111111111111100001111000011111111100000000000000000000011111111111100011111111111011111111111111111111111111111111111111111111111
0010001101111111111111111111111111111111101001111110000001111100000000111100000000000111100111111011111111111111111111111111111111111111111111111111111111111111
0000000111111111111111111111111111111110000000000100000000111000000000000000000000011111011111111111111111111111111111111111111111111111111111111111111111111111
0000000111110100111111111111111111111100000000111000000000001000000000000000000000111111001001111111111111111111111111111111111111111111111111111111100011110000
0000000000100000000011111111111111111110000000111111000000000000000000000000000000000110000111111111111111111111111111111111111111111111111111000000001100000000
0000000010000000000001111111111111111111110000111111100000000000000000000000001000000100011111111111111111111111111111111111111111111111111110000000011100000000
0000000000000000000000011111111111111111111001111111111000000000000000000000100100011111111111111111111111111111111111111111111111111111111111110000011000000000
0000000000000000000000011111111111111111111101111111110000000000000000000000001111111111111111111111111111111111111111111111111111111111111111010000000000000000
0000000000000000000000001111111111111111111111111110001100000000000000000000000111111111111111111111111111111111111111111111111111111111111111010000000000000000
0000000000000000000000000111111111111111111111111111000000000000000000000000000111111111111111110111110011111111111111111111111111111111111111010000000000000000
0000000000000000000000000111111111111111111111111101000000000000000000000000000111111001111110000111101111111111111111111111111111111111111100010000000000000000
0000000000000000000000000111111111111111111111111000000000000000000000000000111110000110111100000011100111111111111111111111111111111111110000110000000000000000
0000000000000000000000000111111111111111111111100000000000000000000000000000111100000000011011111111110011111111111111111111111111111011100000100000000000000000
0000000000000000000000000011111111111111111111000000000000000000000000000000111100000010010011111111110011111111111111111111111111111000100000100000000000000000
0000000000000000000000000011111111111111111111000000000000000000000000000000010111111000001000001111111111111111111111111111111111111000110111000000000000000000
0000000000000000000000000000111111111111111110000000000000000000000000000000111111111000000000001111111111111111111111111111111111111100001000000000000000000000
0000000000000000000000000000101111111111111100000000000000000000000000000000111111111111011111111111111111111111111111111111111111111100000000000000000000000000
0000000000000000000000000000011111111100000100000000000000000000000000000001111111111111111111111111100111111111111111111111111111111100000000000000000000000000
0000000000000000000000000000000111111000000000000000000000000000000000000011111111111111111111101111110001111111111111111111111111111000000000000000000000000000
0000000000000000000000000000000011111000000001000000000000000000000000000111111111111111111111110111111010000011111111111111111111111000000000000000000000000000
0000000000000000000000000000000001111000001011000000000000000000000000000111111111111111111111110111111111000001111111110111111111000000000000000000000000000000
0000000000000000000000000000000001111000100000011000000000000000000000000111111111111111111111111011111111000000111111000011111010000000000000000000000000000000
0000000000000000000000000000000000011111100000000000000000000000000000000111111111111111111111111001111110000000011110000011111000000000000000000000000000000000
0000000000000000000000000000000000000001111000000000000000000000000000001111111111111111111111111101111000000000011100000001111100000100000000000000000000000000
0000000000000000000000000000000000000000011000000000000000000000000000000111111111111111111111111111000000000000011100000000011110000000000000000000000000000000
0000000000000000000000000000000000000000001000011100000000000000000000000111111111111111111111111110111000000000001000000000001100000011000000000000000000000000
0000000000000000000000000000000000000000000101111111100000000000000000000011111111111111111111111111110000000000001100000000100000000001000000000000000000000000
0000000000000000000000000000000000000000000000111111110000000000000000000001111110111111111111111111110000000000000000000000000000000001000000000000000000000000
0000000000000000000000000000000000000000000000111111111110000000000000000000000000001111111111111111100000000000000000000001010000010000000000000000000000000000
0000000000000000000000000000000000000000000001111111111111000000000000000000000000001111111111111111000000000000000000000000100001110000000000000000000000000000
0000000000000000000000000000000000000000000011111111111111000000000000000000000000001111111111111110000000000000000000000000110011110000000000000000000000000000
0000000000000000000000000000000000000000000001111111111111111000000000000000000000001111111111111100000000000000000000000000011001110100000111100000000000000000
0000000000000000000000000000000000000000000011111111111111111111000000000000000000000111111111111000000000000000000000000000001000000110000001111001000000000000
0000000000000000000000000000000000000000000001111111111111111111100000000000000000000011111111111100000000000000000000000000000111000000000000111000000000000000
0000000000000000000000000000000000000000000001111111111111111111000000000000000000000011111111111100000000000000000000000000000000000001000000000100000000000000
0000000000000000000000000000000000000000000000111111111111111110000000000000000000000011111111111100000000000000000000000000000000000000000000000000000000000000
0000000000000000000000000000000000000000000000111111111111111110000000000000000000000111111111111100010000000000000000000000000000000000101100010000000000000000
0000000000000000000000000000000000000000000000011111111111111110000000000000000000000111111111111100110000000000000000000000000000000001111110011000000000000000
0000000000000000000000000000000000000000000000000111111111111100000000000000000000000111111111110000110000000000000000000000000000000011111111111000000000000000
0000000000000000000000000000000000000000000000000111111111111100000000000000000000000011111111100000110000000000000000000000000000001111111111111100000001000000
0000000000000000000000000000000000000000000000000111111111111000000000000000000000000011111111110001100000000000000000000000000000011111111111111110000000000000
0000000000000000000000000000000000000000000000000111111111100000000000000000000000000001111111100000100000000000000000000000000000011111111111111111000000000000
0000000000000000000000000000000000000000000000001111111111000000000000000000000000000001111111000000000000000000000000000000000000011111111111111111000000000000
0000000000000000000000000000000000000000000000001111111111000000000000000000000000000000111111000000000000000000000000000000000000011111111111111111000000000000
0000000000000000000000000000000000000000000000001111111110000000000000000000000000000000111110000000000000000000000000000000000000011111100111111111000000000000
0000000000000000000000000000000000000000000000001111111100000000000000000000000000000000110000000000000000000000000000000000000000011000000011111110000000000000
0000000000000000000000000000000000000000000000001111111000000000000000000000000000000000000000000000000000000000000000000000000000000000000000111110000000000100
0000000000000000000000000000000000000000000000011111110000000000000000000000000000000000000000000000000000000000000000000000000000000000000000000000000000000010
0000000000000000000000000000000000000000000000011111000000000000000000000000000000000000000000000000000000000000000000000000000000000000000000001100000000001000
0000000000000000000000000000000000000000000000001110000000000000000000000000000000000000000000000000000000000000000000000000000000000000000000000000000000001000
0000000000000000000000000000000000000000000000011100000000000000000000000000000000000000000000000000000000000000000000000000000000000000000000000000000000110000
0000000000000000000000000000000000000000000000011110000000000000000000000000000000000000000000000000000000000000000000000000000000000000000000000000000000000000
0000000000000000000000000000000000000000000000111100000000000000000000000000000000000000000000000000000000000000000000000000000000000000000000000000000000000000
0000000000000000000000000000000000000000000000011100000000000000000000000000000000000000000000000000000000000000000000000000000000000000000000000000000000000000
0000000000000000000000000000000000000000000000001110000000000000000000000000000000000000000000000000000000000000000000000000000000000000000000000000000000000000
